     0/199     7.38G      5.54      3.82         0      9.36        21       512         0         0   0.00575         0      4.52      1.95         0
     1/199     11.6G      3.76      2.16         0      5.92        16       512         1    0.0137     0.312     0.027      5.19      1.36         0
     2/199     11.6G      3.88      1.69         0      5.57        17       512     0.224     0.548     0.329     0.318      5.24      1.11         0
     3/199     11.6G      4.05      1.41         0      5.46        17       512     0.477      0.63     0.537     0.543       4.9     0.954         0
     4/199     11.6G      2.67      1.27         0      3.94        17       512     0.363     0.712     0.567     0.481      4.78     0.869         0
     5/199     11.6G       3.9      1.24         0      5.14        18       512     0.519     0.575     0.535     0.546      4.97     0.888         0
     6/199     11.6G      2.98      1.18         0      4.16        21       512     0.594     0.658     0.653     0.624      4.79     0.855         0
     7/199     11.6G      3.65       1.2         0      4.84        18       512     0.681     0.585     0.624     0.629      5.02     0.921         0
     8/199     11.6G      3.29       1.2         0      4.49        15       512     0.648     0.616     0.499     0.632      4.94     0.979         0
     9/199     11.6G      2.85       1.1         0      3.96        16       512     0.743      0.74     0.729     0.742      4.74     0.805         0
    10/199     11.6G      3.17      1.33         0      4.49        26       512     0.261     0.438     0.328     0.327      5.69     0.981         0
    11/199     11.6G      3.72      1.38         0      5.11        18       512    0.0363    0.0411    0.0441    0.0386      8.48      2.29         0
    12/199     11.6G      3.47      1.47         0      4.94        17       512     0.201    0.0548    0.0457    0.0861      7.09       1.5         0
    13/199     11.6G      3.32      1.44         0      4.77        19       512         0         0  0.000183         0       7.7      2.09         0
    14/199     11.6G      3.64       1.4         0      5.03        21       512         1    0.0137    0.0714     0.027      6.32      1.15         0
    15/199     11.6G      3.42      1.26         0      4.68        17       512     0.742     0.397     0.441     0.518      5.21     0.956         0
    16/199     11.6G      3.73      1.22         0      4.95        17       512     0.707     0.534     0.564     0.609      4.95     0.835         0
    17/199     11.6G      2.95      1.12         0      4.07        15       512     0.794     0.616     0.714     0.694      4.79     0.774         0
    18/199     11.6G      3.19      1.04         0      4.23        18       512         1     0.195     0.246     0.327      5.01      1.11         0
    19/199     11.6G      3.11       1.1         0       4.2        17       512     0.655     0.712     0.677     0.682       4.8     0.685         0
    20/199     11.6G      2.74      1.01         0      3.75        18       512     0.771     0.644     0.702     0.702      4.69     0.664         0
    21/199     11.6G      2.81     0.978         0      3.79        16       512     0.838      0.63      0.72     0.719      4.67     0.611         0
    22/199     11.6G      3.41     0.922         0      4.33        16       512     0.854     0.719     0.767     0.781      4.53     0.655         0
    23/199     11.6G      2.81     0.935         0      3.75        14       512     0.893     0.572     0.732     0.697      4.63     0.722         0
    24/199     11.6G      2.55     0.877         0      3.43        14       512      0.85     0.701     0.786     0.768      4.49     0.642         0
    25/199     11.6G      2.99     0.912         0       3.9        21       512     0.806     0.726     0.752     0.764      4.64     0.608         0
    26/199     11.6G      3.13     0.874         0      4.01        15       512     0.803     0.753     0.764     0.778      4.32     0.675         0
    27/199     11.6G      3.07     0.847         0      3.92        20       512     0.835     0.765     0.809     0.799      4.46     0.614         0
    28/199     11.6G      2.77     0.851         0      3.62        16       512     0.832     0.748     0.793     0.788      4.45     0.632         0
    29/199     11.6G      3.07     0.798         0      3.87        21       512     0.822     0.758     0.818     0.788      4.56     0.569         0
    30/199     11.6G      2.79      0.83         0      3.62        18       512     0.876     0.676     0.794     0.763      4.34     0.591         0
    31/199     11.6G      2.77     0.813         0      3.59        16       512     0.803     0.753     0.788     0.778      4.39     0.568         0
    32/199     11.6G      2.87     0.859         0      3.73        18       512       0.8     0.768     0.828     0.784      4.32     0.603         0
    33/199     11.6G      2.35     0.765         0      3.12        19       512     0.947     0.736     0.813     0.828      4.31     0.657         0
    34/199     11.6G      2.89       0.8         0      3.68        20       512     0.922     0.646     0.728      0.76      4.47     0.784         0
    35/199     11.6G      2.68     0.798         0      3.48        18       512     0.791     0.777     0.828     0.784      4.26     0.692         0
    36/199     11.6G      2.35     0.761         0      3.11        19       512     0.901     0.712     0.803     0.796      4.39      0.66         0
    37/199     11.6G      2.21     0.772         0      2.98        15       512     0.802     0.665     0.736     0.727      4.58     0.707         0
    38/199     11.6G       2.9     0.737         0      3.64        18       512     0.847     0.712     0.802     0.774      4.31      0.62         0
    39/199     11.6G      3.11     0.737         0      3.85        19       512     0.849     0.767     0.804     0.806      4.27     0.577         0
    40/199     11.6G      2.71     0.722         0      3.43        18       512     0.807     0.836     0.838     0.821      4.22     0.547         0
    41/199     11.6G       2.4     0.696         0       3.1        17       512     0.878     0.785     0.798     0.829       4.4     0.628         0
    42/199     11.6G      2.24     0.697         0      2.94        17       512     0.891     0.685      0.82     0.775      4.37     0.697         0
    43/199     11.6G      2.73     0.712         0      3.45        18       512     0.889     0.766     0.831     0.823      4.26     0.648         0
    44/199     11.6G      2.75      0.72         0      3.47        20       512     0.891      0.74      0.79     0.808      4.39     0.652         0
    45/199     11.6G      2.37     0.694         0      3.07        15       512     0.931     0.712     0.809     0.807      4.33     0.661         0
    46/199     11.6G      2.76     0.701         0      3.46        22       512     0.885     0.781     0.836      0.83      4.27     0.603         0
    47/199     11.6G      3.28     0.698         0      3.98        19       512     0.849     0.644     0.763     0.732      4.46     0.765         0
    48/199     11.6G      2.47     0.682         0      3.15        19       512     0.874     0.753     0.827     0.809      4.36     0.703         0
    49/199     11.6G      2.57      0.68         0      3.25        13       512     0.825     0.774     0.789     0.799      4.31     0.654         0
    50/199     11.6G      2.08     0.623         0      2.71        22       512     0.934     0.777     0.813     0.849      4.36     0.719         0
    51/199     11.6G      2.26     0.662         0      2.93        16       512     0.883     0.795     0.813     0.837      4.41     0.715         0
    52/199     11.6G      2.27     0.622         0      2.89        19       512     0.775     0.795      0.82     0.784      4.31     0.577         0
    53/199     11.6G      2.04     0.633         0      2.67        17       512     0.838     0.781     0.799     0.808      4.28     0.667         0
    54/199     11.6G      1.98      0.64         0      2.62        18       512     0.856     0.808     0.811     0.832      4.44      0.61         0
    55/199     11.6G      2.52     0.594         0      3.11        20       512     0.892      0.79     0.825     0.838      4.35     0.607         0
    56/199     11.6G      2.69      0.61         0       3.3        20       512     0.889     0.657     0.762     0.756      4.33      0.65         0
    57/199     11.6G      2.86     0.612         0      3.47        22       512     0.835     0.726     0.771     0.777      4.24      0.64         0
    58/199     11.6G      2.21     0.608         0      2.81        16       512     0.845      0.74     0.792     0.789      4.26     0.654         0
    59/199     11.6G      2.51     0.595         0       3.1        14       512     0.905     0.655     0.792      0.76      4.23     0.754         0
    60/199     11.6G      2.17     0.585         0      2.76        16       512     0.895     0.712     0.752     0.793      4.39     0.759         0
    61/199     11.6G       2.2      0.62         0      2.82        20       512     0.887     0.767     0.767     0.823      4.36      0.67         0
    62/199     11.6G       2.8     0.583         0      3.39        14       512     0.874     0.699     0.807     0.777      4.22     0.693         0
    63/199     11.6G      2.44     0.558         0         3        16       512     0.867     0.714     0.778     0.783      4.29     0.667         0
    64/199     11.6G       2.5     0.599         0       3.1        18       512     0.858      0.74     0.777     0.794      4.23     0.622         0
    65/199     11.6G      2.84     0.528         0      3.37        20       512     0.846     0.753     0.793     0.797      4.27      0.63         0
    66/199     11.6G      2.28      0.58         0      2.86        16       512     0.887     0.753     0.793     0.815      4.27     0.648         0
    67/199     11.6G      2.34     0.549         0      2.89        15       512      0.86     0.699     0.765     0.771      4.25     0.721         0
    68/199     11.6G      2.05      0.55         0       2.6        22       512       0.9     0.737     0.784      0.81      4.19     0.682         0
    69/199     11.6G      2.46     0.533         0         3        16       512     0.897     0.715     0.779     0.796      4.27     0.673         0
    70/199     11.6G       2.3     0.532         0      2.83        23       512       0.9     0.739     0.822     0.811      4.22     0.739         0
    71/199     11.6G      2.48     0.528         0      3.01        19       512     0.795     0.712     0.791     0.751      4.25     0.717         0
    72/199     11.6G      2.51     0.529         0      3.04        10       512     0.879     0.712      0.77     0.787      4.22     0.707         0
    73/199     11.6G      2.44      0.51         0      2.95        15       512      0.82     0.781     0.813       0.8      4.22     0.612         0
    74/199     11.6G      2.24     0.528         0      2.77        21       512     0.876     0.753     0.833      0.81       4.3     0.632         0
    75/199     11.6G      2.04     0.501         0      2.55        15       512     0.902     0.757     0.804     0.823      4.35     0.711         0
    76/199     11.6G      2.41      0.53         0      2.94        17       512     0.915     0.753     0.774     0.826      4.35     0.755         0
    77/199     11.6G       2.7     0.524         0      3.23        17       512     0.887     0.781     0.797     0.831      4.25     0.731         0
    78/199     11.6G      2.15     0.485         0      2.64        21       512     0.952     0.807     0.828     0.873      4.26     0.778         0
    79/199     11.6G      2.54     0.505         0      3.05        16       512     0.905     0.712     0.772     0.797      4.25     0.792         0
    80/199     11.6G      2.05       0.5         0      2.55        16       512       0.9     0.685     0.755     0.778      4.27     0.837         0
    81/199     11.6G       2.3     0.474         0      2.77        18       512     0.867     0.716     0.784     0.784      4.27     0.816         0
    82/199     11.6G      2.19     0.444         0      2.63        15       512     0.874     0.762       0.8     0.814       4.2     0.745         0
    83/199     11.6G      2.16     0.508         0      2.67        19       512     0.829     0.753     0.766     0.789      4.26     0.744         0
    84/199     11.6G      2.02     0.508         0      2.53        17       512     0.875      0.74     0.766     0.802      4.31     0.733         0
    85/199     11.6G      2.42     0.468         0      2.89        22       512     0.886     0.744     0.762     0.809      4.35     0.747         0
    86/199     11.6G      1.79     0.424         0      2.22        22       512     0.878     0.781     0.785     0.826      4.27     0.734         0
    87/199     11.6G      2.43     0.487         0      2.92        19       512     0.875     0.712     0.786     0.785      4.29     0.821         0
    88/199     11.6G      1.99     0.494         0      2.48        16       512     0.896     0.709     0.772     0.791      4.27     0.854         0
    89/199     11.6G      1.57     0.448         0      2.02        19       512     0.919     0.712     0.776     0.802      4.41     0.793         0
    90/199     11.6G      1.84     0.464         0      2.31        16       512     0.885     0.753      0.77     0.814      4.35     0.816         0
    91/199     11.6G      2.49     0.436         0      2.92        16       512     0.879     0.753      0.77     0.811       4.3     0.774         0
    92/199     11.6G      2.05     0.461         0      2.51        14       512      0.86     0.753     0.802     0.803      4.25     0.747         0
    93/199     11.6G      2.43     0.438         0      2.87        21       512     0.858     0.781     0.822     0.818      4.25     0.816         0
    94/199     11.6G      1.95     0.427         0      2.38        14       512     0.908     0.685      0.79     0.781      4.35     0.873         0
    95/199     11.6G      2.22     0.422         0      2.65        22       512     0.928     0.711     0.767     0.806      4.41     0.954         0
    96/199     11.6G      2.35     0.459         0      2.81        17       512     0.881     0.711     0.752     0.787      4.35     0.896         0
    97/199     11.6G      1.51     0.445         0      1.96        19       512     0.887     0.726     0.754     0.798      4.44     0.837         0
    98/199     11.6G      1.85     0.457         0      2.31        20       512     0.899     0.729     0.772     0.805       4.4     0.884         0
    99/199     11.6G      2.06     0.433         0       2.5        18       512     0.881     0.699     0.756     0.779      4.41     0.797         0
   100/199     11.6G      1.98     0.403         0      2.39        15       512     0.915     0.737     0.775     0.816      4.33     0.791         0
   101/199     11.6G      2.27     0.437         0       2.7        19       512     0.854      0.74     0.762     0.793      4.28     0.774         0
   102/199     11.6G      1.92     0.414         0      2.34        20       512     0.864     0.726     0.784     0.789      4.36     0.798         0
   103/199     11.6G      1.76     0.427         0      2.19        18       512     0.873     0.754     0.783     0.809      4.27     0.857         0
   104/199     11.6G      1.89     0.402         0      2.29        18       512     0.865     0.726     0.765     0.789      4.35     0.811         0
   105/199     11.6G      2.32     0.404         0      2.72        21       512     0.836     0.671     0.767     0.745       4.3     0.849         0
   106/199     11.6G      2.32     0.405         0      2.73        17       512     0.919     0.767       0.8     0.836      4.33      0.75         0
   107/199     11.6G       2.3     0.412         0      2.72        20       512     0.929     0.721     0.775     0.812      4.33     0.805         0
   108/199     11.6G      1.95     0.429         0      2.37        15       512     0.909     0.726     0.785     0.807      4.26     0.777         0
   109/199     11.6G      2.36     0.422         0      2.78        18       512     0.889     0.767     0.814     0.824      4.26     0.777         0
   110/199     11.6G      2.21     0.404         0      2.62        18       512     0.868     0.795     0.816      0.83      4.23     0.696         0
   111/199     11.6G      1.75     0.387         0      2.14        17       512     0.871     0.781      0.81     0.824      4.29     0.731         0
   112/199     11.6G      2.17      0.38         0      2.55        20       512     0.932     0.726     0.811     0.816      4.38     0.743         0
   113/199     11.6G      2.44     0.398         0      2.84        18       512     0.883     0.722      0.78     0.794      4.39      0.77         0
   114/199     11.6G      2.09     0.415         0       2.5        18       512     0.878     0.688     0.763     0.771      4.41      0.82         0
   115/199     11.6G      2.22     0.374         0      2.59        18       512     0.886     0.638     0.761     0.742      4.44     0.788         0
   116/199     11.6G      2.23     0.367         0       2.6        17       512     0.872     0.749     0.785     0.806      4.45     0.738         0
   117/199     11.6G      2.15     0.389         0      2.54        18       512     0.861     0.762      0.78     0.808       4.4     0.757         0
   118/199     11.6G       1.9     0.408         0       2.3        14       512      0.88     0.781     0.804     0.828      4.32     0.733         0
   119/199     11.6G      2.12     0.382         0      2.51        19       512     0.935     0.781     0.807     0.851      4.38     0.699         0
   120/199     11.6G      2.11     0.373         0      2.48        15       512     0.884     0.732     0.795     0.801      4.35     0.714         0
   121/199     11.6G      1.65     0.362         0      2.01        19       512     0.902      0.74     0.801     0.813      4.31     0.738         0
   122/199     11.6G      1.64     0.334         0      1.98        18       512     0.851     0.767       0.8     0.807      4.27     0.766         0
   123/199     11.6G      2.27     0.367         0      2.63        20       512     0.881     0.753     0.809     0.812      4.29     0.749         0
   124/199     11.6G      1.72     0.369         0      2.09        17       512     0.903     0.763     0.784     0.827      4.35     0.712         0
   125/199     11.6G      1.95     0.333         0      2.29        18       512      0.91     0.767     0.825     0.832      4.25       0.7         0
   126/199     11.6G      1.79      0.37         0      2.16        19       512     0.918     0.763     0.819     0.833      4.24     0.738         0
   127/199     11.6G      1.94     0.383         0      2.33        18       512     0.932     0.753     0.825     0.833      4.25     0.767         0
   128/199     11.6G      1.51     0.342         0      1.85        14       512     0.931     0.734     0.774     0.821      4.33      0.81         0
   129/199     11.6G      1.44     0.356         0      1.79        14       512     0.931     0.741      0.79     0.825      4.27     0.783         0
   130/199     11.6G         2     0.357         0      2.35        20       512     0.968      0.74     0.807     0.839      4.26     0.771         0
   131/199     11.6G       1.7     0.349         0      2.04        17       512     0.963     0.753     0.812     0.845      4.27     0.819         0
   132/199     11.6G      1.98     0.342         0      2.33        18       512     0.907      0.74     0.819     0.815      4.25     0.739         0
   133/199     11.6G         2      0.37         0      2.37        18       512     0.924     0.753     0.805      0.83      4.31     0.726         0
   134/199     11.6G      1.74     0.343         0      2.08        18       512     0.924      0.74      0.78     0.821      4.38     0.801         0
   135/199     11.6G       1.8      0.34         0      2.14        12       512     0.932     0.752     0.782     0.832      4.38     0.786         0
   136/199     11.6G      1.88     0.306         0      2.19        12       512       0.9     0.742     0.772     0.814      4.42     0.787         0
   137/199     11.6G       2.3     0.361         0      2.66        23       512     0.891     0.753     0.794     0.816      4.36     0.831         0
   138/199     11.6G      2.07      0.33         0       2.4        15       512     0.916      0.75      0.79     0.825      4.34     0.819         0
   139/199     11.6G      1.95     0.333         0      2.29        16       512     0.915      0.74     0.789     0.818      4.33     0.852         0
   140/199     11.6G      1.37     0.311         0      1.68        18       512      0.92     0.753     0.783     0.829      4.33     0.818         0
   141/199     11.6G      1.38     0.329         0      1.71        16       512     0.917      0.76     0.795     0.832      4.32     0.788         0
   142/199     11.6G      1.72     0.326         0      2.05        22       512     0.915     0.741     0.781     0.819      4.35     0.841         0
   143/199     11.6G      1.63      0.32         0      1.95        20       512     0.932     0.753     0.783     0.833       4.3     0.826         0
   144/199     11.6G      1.62     0.314         0      1.93        18       512     0.886      0.74      0.81     0.806      4.26       0.8         0
   145/199     11.6G      2.02     0.301         0      2.33        16       512     0.927     0.726     0.795     0.814      4.29     0.858         0
   146/199     11.6G      2.31      0.29         0       2.6        20       512     0.906     0.712      0.76     0.797      4.31      0.85         0
   147/199     11.6G      1.93     0.315         0      2.24        21       512     0.905     0.699     0.767     0.788      4.36      0.86         0
   148/199     11.6G      1.35     0.296         0      1.65        16       512      0.94     0.712     0.786     0.811      4.36      0.84         0
   149/199     11.6G      1.45     0.303         0      1.75        14       512     0.897     0.699     0.798     0.785      4.37     0.833         0
   150/199     11.6G      2.17     0.289         0      2.46        19       512     0.885     0.699     0.787     0.781      4.36     0.834         0
   151/199     11.6G      1.75     0.305         0      2.06        17       512     0.883     0.727     0.779     0.798      4.34     0.835         0
   152/199     11.6G      1.35     0.326         0      1.68        17       512     0.885     0.741     0.792     0.807      4.37     0.884         0
   153/199     11.6G      1.82     0.328         0      2.14        14       512     0.914     0.728     0.778     0.811      4.35     0.832         0
   154/199     11.6G      2.04     0.306         0      2.34        19       512     0.949      0.74     0.797     0.832      4.34     0.801         0
   155/199     11.6G      1.57     0.305         0      1.87        21       512     0.947      0.74     0.794      0.83      4.32     0.792         0
   156/199     11.6G      1.95     0.292         0      2.24        19       512     0.947     0.738      0.78      0.83      4.34     0.837         0
   157/199     11.6G      2.02     0.284         0      2.31        17       512     0.944     0.712     0.767     0.812      4.35     0.849         0
   158/199     11.6G      2.21     0.315         0      2.53        16       512     0.946     0.699     0.769     0.804      4.36     0.829         0
   159/199     11.6G      1.58     0.297         0      1.87        13       512     0.958     0.699      0.76     0.808      4.33     0.862         0
   160/199     11.6G      1.95     0.293         0      2.25        12       512     0.947      0.73      0.77     0.824      4.32     0.851         0
   161/199     11.6G      1.69     0.307         0         2        17       512     0.943      0.74     0.776     0.829      4.31     0.817         0
   162/199     11.6G      1.89     0.291         0      2.18        19       512     0.947     0.728     0.782     0.823      4.33     0.809         0
   163/199     11.6G      1.71     0.274         0      1.99        20       512     0.946     0.716     0.777     0.815      4.35     0.828         0
   164/199     11.6G      2.12      0.27         0      2.39        12       512     0.962     0.694     0.775     0.806      4.34     0.835         0
   165/199     11.6G      2.01     0.288         0       2.3        16       512     0.945     0.709     0.781      0.81      4.33     0.838         0
   166/199     11.6G      2.09     0.297         0      2.39        14       512     0.943     0.686     0.771     0.795      4.33      0.86         0
   167/199     11.6G      1.79     0.305         0       2.1        19       512     0.944     0.693     0.772     0.799      4.33      0.86         0
   168/199     11.6G      1.93     0.275         0       2.2        14       512     0.944     0.698     0.765     0.803      4.31     0.863         0
   169/199     11.6G      1.86     0.292         0      2.16        23       512     0.926     0.691     0.766     0.791      4.32     0.867         0
   170/199     11.6G      1.93     0.274         0      2.21        23       512     0.914     0.729     0.772     0.811      4.31     0.838         0
   171/199     11.6G      1.95     0.273         0      2.22        18       512     0.916     0.712      0.77     0.802      4.33     0.851         0
   172/199     11.6G      2.06     0.279         0      2.34        17       512     0.918     0.685     0.761     0.784      4.33     0.871         0
   173/199     11.6G      2.23     0.278         0      2.51        21       512     0.928     0.709     0.764     0.804      4.34     0.865         0
   174/199     11.6G      2.07     0.271         0      2.34        18       512     0.895     0.702     0.762     0.787      4.35     0.888         0
   175/199     11.6G      1.68     0.284         0      1.96        17       512     0.908     0.671      0.76     0.772      4.36     0.887         0
   176/199     11.6G      1.94     0.262         0       2.2        19       512     0.925      0.68      0.76     0.784      4.38     0.884         0
   177/199     11.6G      1.44      0.26         0       1.7        16       512     0.901     0.685      0.76     0.778      4.34     0.891         0
   178/199     11.6G      1.84     0.277         0      2.12        19       512      0.91     0.693     0.758     0.787      4.34     0.889         0
   179/199     11.6G      2.13     0.245         0      2.38        18       512     0.911     0.698      0.78      0.79      4.33      0.88         0
   180/199     11.6G      1.76     0.258         0      2.02        20       512     0.912     0.709     0.766     0.798      4.34     0.867         0
   181/199     11.6G      2.06      0.26         0      2.32        20       512     0.914     0.725     0.764     0.808      4.34     0.864         0
   182/199     11.6G      1.59     0.258         0      1.85        19       512     0.913     0.726     0.757     0.809      4.34       0.9         0
   183/199     11.6G      1.35     0.274         0      1.62        14       512     0.913     0.721     0.762     0.806      4.33      0.89         0
   184/199     11.6G      1.34     0.254         0      1.59        19       512     0.908     0.712     0.769     0.798      4.31     0.884         0
   185/199     11.6G      1.43     0.288         0      1.72        19       512     0.902     0.699     0.762     0.787      4.32     0.891         0
   186/199     11.6G      1.91     0.258         0      2.17        18       512     0.914     0.699     0.766     0.792      4.33     0.879         0
   187/199     11.6G      1.33     0.247         0      1.58        15       512     0.906     0.699     0.766     0.789      4.34     0.881         0
   188/199     11.6G      1.49     0.276         0      1.77        15       512     0.928     0.708     0.764     0.803      4.33     0.892         0
   189/199     11.6G      1.81     0.269         0      2.08        18       512     0.925     0.676      0.76     0.781      4.33       0.9         0
   190/199     11.6G      1.81     0.231         0      2.04        15       512     0.927     0.693     0.759     0.793      4.34     0.904         0
   191/199     11.6G      1.97     0.248         0      2.22        16       512     0.928     0.702     0.761     0.799      4.32     0.882         0
   192/199     11.6G      1.64     0.249         0      1.89        18       512     0.922     0.699     0.763     0.795      4.33     0.902         0
   193/199     11.6G      1.88     0.266         0      2.15        14       512     0.919     0.699     0.763     0.794      4.33     0.898         0
   194/199     11.6G      1.66      0.28         0      1.94        20       512     0.927     0.697     0.763     0.796      4.31     0.894         0
   195/199     11.6G      2.13      0.26         0      2.39        16       512     0.914     0.685     0.774     0.783       4.3     0.867         0
   196/199     11.6G      1.55     0.263         0      1.81        18       512     0.926     0.687     0.765     0.789      4.32     0.866         0
   197/199     11.6G      1.72     0.257         0      1.97        17       512     0.911     0.685     0.774     0.782      4.32     0.878         0
   198/199     11.6G      1.64     0.246         0      1.89        16       512      0.91     0.685     0.773     0.782      4.32     0.884         0
   199/199     11.6G      1.64     0.268         0      1.91        12       512     0.912     0.712     0.765       0.8      4.31     0.891         0
